# Profile 1
# x      y
# [m]    [m]
0   5.9211951e-10
2.5007301e-10   5.8845559e-10
5.0014602e-10   5.8765394e-10
7.5021902e-10   5.8661801e-10
1.000292e-09   5.8833358e-10
1.250365e-09   5.7438266e-10
1.500438e-09   5.6531668e-10
1.7505111e-09   5.5515921e-10
2.0005841e-09   5.5962767e-10
2.2506571e-09   5.5987811e-10
2.5007301e-09   5.626934e-10
2.7508031e-09   5.5931762e-10
3.0008761e-09   5.5111359e-10
3.2509491e-09   5.3194572e-10
3.5010221e-09   5.1500362e-10
3.7510951e-09   5.1353925e-10
4.0011681e-09   5.0718023e-10
4.2512411e-09   5.031405e-10
4.5013141e-09   5.0802042e-10
4.7513872e-09   5.1650543e-10
5.0014602e-09   5.3341176e-10
5.2515332e-09   5.5019557e-10
5.5016062e-09   5.7229147e-10
5.7516792e-09   5.9435735e-10
6.0017522e-09   6.0700854e-10
6.2518252e-09   6.2068766e-10
6.5018982e-09   6.3689643e-10
6.7519712e-09   6.5289028e-10
7.0020442e-09   6.6167399e-10
7.2521172e-09   6.7284003e-10
7.5021902e-09   6.7751063e-10
7.7522632e-09   6.8767503e-10
8.0023363e-09   6.9266936e-10
8.2524093e-09   6.9673163e-10
8.5024823e-09   6.8657347e-10
8.7525553e-09   6.7081806e-10
9.0026283e-09   6.5035917e-10
9.2527013e-09   6.2346932e-10
9.5027743e-09   5.9031347e-10
9.7528473e-09   5.5047334e-10
1.000292e-08   5.0228558e-10
1.0252993e-08   4.7358163e-10
1.0503066e-08   4.6789947e-10
1.0753139e-08   4.817141e-10
1.1003212e-08   5.0853086e-10
1.1253285e-08   5.259876e-10
1.1503358e-08   5.6095549e-10
1.1753431e-08   5.9577167e-10
1.2003504e-08   6.2082498e-10
1.2253577e-08   6.2361135e-10
1.250365e-08   6.3591509e-10
1.2753723e-08   6.4278118e-10
1.3003796e-08   6.5913961e-10
1.3253869e-08   6.6534171e-10
1.3503942e-08   6.66943e-10
1.3754015e-08   6.6508672e-10
1.4004088e-08   6.6205968e-10
1.4254161e-08   6.593467e-10
1.4504234e-08   6.5338163e-10
1.4754307e-08   6.4685356e-10
1.500438e-08   6.2649448e-10
1.5254453e-08   6.0515461e-10
1.5504526e-08   5.8455813e-10
1.57546e-08   5.7207717e-10
1.6004673e-08   5.7769664e-10
1.6254746e-08   5.8864428e-10
1.6504819e-08   5.9474822e-10
1.6754892e-08   5.7907282e-10
1.7004965e-08   5.5244528e-10
1.7255038e-08   5.2940533e-10
1.7505111e-08   5.1609684e-10
1.7755184e-08   5.1602429e-10
1.8005257e-08   5.2641036e-10
1.825533e-08   5.4650382e-10
1.8505403e-08   5.6384371e-10
1.8755476e-08   5.9958054e-10
1.9005549e-08   6.2823394e-10
1.9255622e-08   6.531227e-10
1.9505695e-08   6.6892302e-10
1.9755768e-08   6.7350775e-10
2.0005841e-08   6.6779515e-10
2.0255914e-08   6.4691684e-10
2.0505987e-08   6.3859571e-10
2.075606e-08   6.1645321e-10
2.1006133e-08   5.9842686e-10
2.1256206e-08   5.7317526e-10
2.1506279e-08   5.526229e-10
2.1756352e-08   5.4920614e-10
2.2006425e-08   5.4905508e-10
2.2256498e-08   5.5354352e-10
2.2506571e-08   5.5346356e-10
2.2756644e-08   5.5110699e-10
2.3006717e-08   5.5034581e-10
2.325679e-08   5.6482601e-10
2.3506863e-08   5.6532923e-10
2.3756936e-08   5.752808e-10
2.4007009e-08   5.9390138e-10
2.4257082e-08   6.0440184e-10
2.4507155e-08   6.0614888e-10
2.4757228e-08   6.0730848e-10
2.5007301e-08   6.1328537e-10
2.5257374e-08   6.1076531e-10
2.5507447e-08   6.1227927e-10
2.575752e-08   6.2307348e-10
2.6007593e-08   6.3982813e-10
2.6257666e-08   6.4500972e-10
2.6507739e-08   6.395319e-10
2.6757812e-08   6.3468692e-10
2.7007885e-08   6.1541278e-10
2.7257958e-08   6.0630013e-10
2.7508031e-08   6.0356756e-10
2.7758104e-08   5.939185e-10
2.8008177e-08   5.7140867e-10
2.825825e-08   5.3451865e-10
2.8508323e-08   5.0239978e-10
2.8758396e-08   4.7230935e-10
2.9008469e-08   4.7598601e-10
2.9258542e-08   4.9070871e-10
2.9508615e-08   5.1407336e-10
2.9758688e-08   5.3210753e-10
3.0008761e-08   5.6777437e-10
3.0258834e-08   6.0317611e-10
3.0508907e-08   6.2067373e-10
3.075898e-08   6.4302186e-10
3.1009053e-08   6.5611692e-10
3.1259126e-08   6.5966228e-10
3.1509199e-08   6.5237493e-10
3.1759272e-08   6.4186842e-10
3.2009345e-08   6.3204296e-10
3.2259418e-08   6.2184926e-10
3.2509491e-08   6.079205e-10
3.2759564e-08   5.9749974e-10
3.3009637e-08   5.9252148e-10
3.325971e-08   5.9296193e-10
3.3509783e-08   6.042449e-10
3.3759856e-08   6.2048465e-10
3.4009929e-08   6.4070613e-10
3.4260002e-08   6.4982788e-10
3.4510075e-08   6.5649477e-10
3.4760148e-08   6.5896641e-10
3.5010221e-08   6.4301271e-10
3.5260294e-08   6.2889466e-10
3.5510367e-08   6.189713e-10
3.576044e-08   6.0685941e-10
3.6010513e-08   6.0132693e-10
3.6260586e-08   6.0188966e-10
3.6510659e-08   6.0292432e-10
3.6760732e-08   6.135778e-10
3.7010805e-08   6.3273173e-10
3.7260878e-08   6.698779e-10
3.7510951e-08   6.8122032e-10
3.7761024e-08   6.9873615e-10
3.8011097e-08   7.0485233e-10
3.826117e-08   6.9164628e-10
3.8511243e-08   6.6601474e-10
3.8761316e-08   6.4028751e-10
3.9011389e-08   6.236623e-10
3.9261462e-08   6.0712952e-10
3.9511535e-08   5.9274278e-10
3.9761608e-08   5.7617307e-10
4.0011681e-08   5.5701202e-10
4.0261754e-08   5.3203756e-10
4.0511827e-08   5.2048879e-10
4.07619e-08   5.1201767e-10
4.1011973e-08   5.1634616e-10
4.1262046e-08   5.1863206e-10
4.1512119e-08   5.3264692e-10
4.1762192e-08   5.519981e-10
4.2012265e-08   5.7639351e-10
4.2262338e-08   5.8216608e-10
4.2512411e-08   5.8295589e-10
4.2762484e-08   5.8397697e-10
4.3012557e-08   5.7047672e-10
4.326263e-08   5.5652606e-10
4.3512703e-08   5.4728325e-10
4.3762776e-08   5.5499009e-10
4.4012849e-08   5.3996219e-10
4.4262922e-08   5.4227708e-10
4.4512995e-08   5.5319084e-10
4.4763068e-08   5.6748383e-10
4.5013141e-08   5.6080034e-10
4.5263214e-08   5.7016931e-10
4.5513287e-08   5.7878e-10
4.576336e-08   5.9177034e-10
4.6013433e-08   6.0524997e-10
4.6263506e-08   6.1216447e-10
4.6513579e-08   6.2061028e-10
4.6763653e-08   6.3053422e-10
4.7013726e-08   6.3961216e-10
4.7263799e-08   6.4666554e-10
4.7513872e-08   6.3816988e-10
4.7763945e-08   6.3097884e-10
4.8014018e-08   6.2464448e-10
4.8264091e-08   6.1561573e-10
4.8514164e-08   6.0015186e-10
4.8764237e-08   5.8905597e-10
4.901431e-08   5.6499289e-10
4.9264383e-08   5.3138438e-10
4.9514456e-08   5.1865091e-10
4.9764529e-08   5.1359539e-10
5.0014602e-08   5.1877077e-10
5.0264675e-08   5.2849888e-10
5.0514748e-08   5.4229874e-10
5.0764821e-08   5.61277e-10
5.1014894e-08   5.8991276e-10
5.1264967e-08   6.0819431e-10
5.151504e-08   6.1995303e-10
5.1765113e-08   6.4066977e-10
5.2015186e-08   6.4217969e-10
5.2265259e-08   6.4350473e-10
5.2515332e-08   6.4013529e-10
5.2765405e-08   6.3941001e-10
5.3015478e-08   6.3980546e-10
5.3265551e-08   6.4506626e-10
5.3515624e-08   6.3440303e-10
5.3765697e-08   6.2882085e-10
5.401577e-08   6.1539461e-10
5.4265843e-08   5.9980252e-10
5.4515916e-08   5.9177044e-10
5.4765989e-08   6.0244393e-10
5.5016062e-08   6.1828292e-10
5.5266135e-08   6.4999311e-10
5.5516208e-08   6.6778303e-10
5.5766281e-08   6.7556782e-10
5.6016354e-08   6.7394452e-10
5.6266427e-08   6.5351511e-10
5.65165e-08   6.3447125e-10
5.6766573e-08   6.0306693e-10
5.7016646e-08   5.6907676e-10
5.7266719e-08   5.4788663e-10
5.7516792e-08   5.4069067e-10
5.7766865e-08   5.3170765e-10
5.8016938e-08   5.3576292e-10
5.8267011e-08   5.4478654e-10
5.8517084e-08   5.673355e-10
5.8767157e-08   5.8409139e-10
5.901723e-08   6.0670937e-10
5.9267303e-08   6.2091596e-10
5.9517376e-08   6.414742e-10
5.9767449e-08   6.4482175e-10
6.0017522e-08   6.4417987e-10
6.0267595e-08   6.4300717e-10
6.0517668e-08   6.4161286e-10
6.0767741e-08   6.3531463e-10
6.1017814e-08   6.4527062e-10
6.1267887e-08   6.548007e-10
6.151796e-08   6.5843413e-10
6.1768033e-08   6.6854629e-10
6.2018106e-08   6.7218914e-10
6.2268179e-08   6.5989979e-10
6.2518252e-08   6.4461987e-10
6.2768325e-08   6.1886841e-10
6.3018398e-08   6.0965027e-10
6.3268471e-08   6.2143331e-10
6.3518544e-08   6.3652627e-10
6.3768617e-08   6.5718354e-10
6.401869e-08   6.4581065e-10
6.4268763e-08   6.223778e-10
6.4518836e-08   6.0598692e-10
6.4768909e-08   6.1575455e-10
6.5018982e-08   6.3083566e-10
6.5269055e-08   6.3065982e-10
6.5519128e-08   6.1863981e-10
6.5769201e-08   6.0519467e-10
6.6019274e-08   5.986854e-10
6.6269347e-08   6.0598395e-10
6.651942e-08   6.1615123e-10
6.6769493e-08   6.2790069e-10
6.7019566e-08   6.5087114e-10
6.7269639e-08   6.6638996e-10
6.7519712e-08   6.6191447e-10
6.7769785e-08   6.465448e-10
6.8019858e-08   6.2531436e-10
6.8269931e-08   5.9156444e-10
6.8520004e-08   5.6126301e-10
6.8770077e-08   5.4078746e-10
6.902015e-08   5.2626223e-10
6.9270223e-08   5.2328052e-10
6.9520296e-08   5.6256248e-10
6.9770369e-08   5.8565915e-10
7.0020442e-08   6.1390348e-10
7.0270515e-08   6.2639617e-10
7.0520588e-08   6.3578207e-10
7.0770661e-08   6.419809e-10
7.1020734e-08   6.5438932e-10
7.1270807e-08   6.5969007e-10
7.152088e-08   6.6766805e-10
7.1770953e-08   6.6928626e-10
7.2021026e-08   6.7353589e-10
7.2271099e-08   6.7444756e-10
7.2521172e-08   6.6171839e-10
7.2771245e-08   6.3957675e-10
7.3021318e-08   6.1116711e-10
7.3271391e-08   5.844296e-10
7.3521464e-08   5.6577376e-10
7.3771537e-08   5.6038576e-10
7.402161e-08   5.4435054e-10
7.4271683e-08   5.1764024e-10
7.4521756e-08   4.9729492e-10
7.4771829e-08   4.8968759e-10
7.5021902e-08   4.8771158e-10
7.5271975e-08   5.0385973e-10
7.5522048e-08   5.092405e-10
7.5772121e-08   5.187525e-10
7.6022194e-08   5.1110753e-10
7.6272267e-08   4.9715478e-10
7.652234e-08   4.8298755e-10
7.6772413e-08   4.9224722e-10
7.7022486e-08   4.9952725e-10
7.7272559e-08   5.1347385e-10
7.7522632e-08   5.3638813e-10
7.7772705e-08   5.4440624e-10
7.8022779e-08   5.4564894e-10
7.8272852e-08   5.5404662e-10
7.8522925e-08   5.6555846e-10
7.8772998e-08   5.8095564e-10
7.9023071e-08   6.0103765e-10
7.9273144e-08   6.1761858e-10
7.9523217e-08   6.3518515e-10
7.977329e-08   6.3207653e-10
8.0023363e-08   6.2006202e-10
8.0273436e-08   6.1191222e-10
8.0523509e-08   6.3432373e-10
8.0773582e-08   6.5197209e-10
8.1023655e-08   6.6583407e-10
8.1273728e-08   6.530171e-10
8.1523801e-08   6.4548032e-10
8.1773874e-08   6.2928535e-10
8.2023947e-08   6.148586e-10
8.227402e-08   6.0222599e-10
8.2524093e-08   5.9822111e-10
8.2774166e-08   6.0474105e-10


