# Profile 3
# x      y
# [m]    [m]
0   7.7874215e-10
1.9477757e-10   7.8256154e-10
3.8955514e-10   7.7780699e-10
5.8433272e-10   7.6633125e-10
7.7911029e-10   7.6401589e-10
9.7388786e-10   7.5152655e-10
1.1686654e-09   7.4377743e-10
1.363443e-09   7.2589547e-10
1.5582206e-09   7.2727366e-10
1.7529981e-09   7.1574911e-10
1.9477757e-09   7.1109201e-10
2.1425533e-09   7.1409819e-10
2.3373309e-09   7.0076956e-10
2.5321084e-09   7.005006e-10
2.726886e-09   7.0609639e-10
2.9216636e-09   7.034165e-10
3.1164412e-09   7.2278027e-10
3.3112187e-09   7.2443874e-10
3.5059963e-09   7.1246928e-10
3.7007739e-09   7.1488756e-10
3.8955514e-09   7.0619055e-10
4.090329e-09   7.0797059e-10
4.2851066e-09   7.0380142e-10
4.4798842e-09   6.9925364e-10
4.6746617e-09   6.995779e-10
4.8694393e-09   7.0307619e-10
5.0642169e-09   7.0480145e-10
5.2589944e-09   7.0903236e-10
5.453772e-09   7.067484e-10
5.6485496e-09   7.0112464e-10
5.8433272e-09   6.9878699e-10
6.0381047e-09   6.9249069e-10
6.2328823e-09   7.0328474e-10
6.4276599e-09   7.0711341e-10
6.6224374e-09   7.1183107e-10
6.817215e-09   7.0738275e-10
7.0119926e-09   7.1386566e-10
7.2067702e-09   7.2434815e-10
7.4015477e-09   7.3579745e-10
7.5963253e-09   7.2215597e-10
7.7911029e-09   7.1405796e-10
7.9858805e-09   7.1290109e-10
8.180658e-09   7.0455768e-10
8.3754356e-09   6.9564855e-10
8.5702132e-09   6.9984728e-10
8.7649907e-09   7.1211703e-10
8.9597683e-09   7.1397817e-10
9.1545459e-09   7.156724e-10
9.3493235e-09   7.1556039e-10
9.544101e-09   7.1630411e-10
9.7388786e-09   7.1414019e-10
9.9336562e-09   7.0310915e-10
1.0128434e-08   7.0558967e-10
1.0323211e-08   7.0069249e-10
1.0517989e-08   6.9735424e-10
1.0712766e-08   6.9288455e-10
1.0907544e-08   6.873225e-10
1.1102322e-08   6.8844593e-10
1.1297099e-08   7.0236565e-10
1.1491877e-08   7.0130687e-10
1.1686654e-08   6.971749e-10
1.1881432e-08   6.9737762e-10
1.2076209e-08   6.7938134e-10
1.2270987e-08   6.79826e-10
1.2465765e-08   6.7443618e-10
1.2660542e-08   6.8058148e-10
1.285532e-08   6.782827e-10
1.3050097e-08   6.7776158e-10
1.3244875e-08   6.7399579e-10
1.3439652e-08   6.7355955e-10
1.363443e-08   6.6982235e-10
1.3829208e-08   6.7272521e-10
1.4023985e-08   6.7911215e-10
1.4218763e-08   6.8265071e-10
1.441354e-08   6.9004359e-10
1.4608318e-08   6.8680392e-10
1.4803095e-08   6.8190679e-10
1.4997873e-08   6.8298807e-10
1.5192651e-08   6.9015758e-10
1.5387428e-08   6.9087065e-10
1.5582206e-08   6.9490215e-10
1.5776983e-08   7.1825033e-10
1.5971761e-08   7.3749616e-10
1.6166538e-08   7.5452067e-10
1.6361316e-08   7.5835916e-10
1.6556094e-08   7.8536842e-10
1.6750871e-08   8.1227392e-10
1.6945649e-08   8.2743709e-10
1.7140426e-08   8.2677155e-10
1.7335204e-08   8.3860258e-10
1.7529981e-08   8.3838204e-10
1.7724759e-08   8.4090405e-10
1.7919537e-08   8.4094775e-10
1.8114314e-08   8.4143897e-10
1.8309092e-08   8.4743506e-10
1.8503869e-08   8.4360938e-10
1.8698647e-08   8.3939979e-10
1.8893424e-08   8.3436631e-10
1.9088202e-08   8.3765891e-10
1.928298e-08   8.3844548e-10
1.9477757e-08   8.4290659e-10
1.9672535e-08   8.3993893e-10
1.9867312e-08   8.3512816e-10
2.006209e-08   8.400617e-10
2.0256867e-08   8.4124334e-10
2.0451645e-08   8.3508634e-10
2.0646423e-08   8.2861902e-10
2.08412e-08   8.2659788e-10
2.1035978e-08   8.2538471e-10
2.1230755e-08   8.2101891e-10
2.1425533e-08   8.2619232e-10
2.162031e-08   8.3076943e-10
2.1815088e-08   8.2919856e-10
2.2009866e-08   8.3613652e-10
2.2204643e-08   8.4173428e-10
2.2399421e-08   8.2902243e-10
2.2594198e-08   8.2998568e-10
2.2788976e-08   8.2447167e-10
2.2983753e-08   8.2158838e-10
2.3178531e-08   8.2144418e-10
2.3373309e-08   8.1719429e-10
2.3568086e-08   8.2086688e-10
2.3762864e-08   8.3648982e-10
2.3957641e-08   8.3222318e-10
2.4152419e-08   8.2772557e-10
2.4347196e-08   8.179257e-10
2.4541974e-08   8.2678092e-10
2.4736752e-08   8.2710855e-10
2.4931529e-08   8.2117223e-10
2.5126307e-08   8.3367592e-10
2.5321084e-08   8.1992809e-10
2.5515862e-08   8.2662647e-10
2.571064e-08   8.1448734e-10
2.5905417e-08   8.1498957e-10
2.6100195e-08   8.0748311e-10
2.6294972e-08   8.0754461e-10
2.648975e-08   8.1756272e-10
2.6684527e-08   8.2686678e-10
2.6879305e-08   8.2047855e-10
2.7074083e-08   8.3263163e-10
2.726886e-08   8.3634561e-10
2.7463638e-08   8.2640502e-10
2.7658415e-08   8.2265971e-10
2.7853193e-08   8.2611136e-10
2.804797e-08   8.2318663e-10
2.8242748e-08   8.2275893e-10
2.8437526e-08   8.102091e-10
2.8632303e-08   8.0265975e-10
2.8827081e-08   7.949868e-10
2.9021858e-08   8.0465914e-10
2.9216636e-08   8.0568982e-10
2.9411413e-08   8.0658442e-10
2.9606191e-08   8.157561e-10
2.9800969e-08   8.1126957e-10
2.9995746e-08   8.143858e-10
3.0190524e-08   7.9877593e-10
3.0385301e-08   8.1094462e-10
3.0580079e-08   8.0976317e-10
3.0774856e-08   8.0633776e-10
3.0969634e-08   8.014352e-10
3.1164412e-08   8.0208757e-10
3.1359189e-08   8.0307456e-10
3.1553967e-08   8.0269279e-10
3.1748744e-08   8.0246579e-10
3.1943522e-08   8.0492177e-10
3.2138299e-08   8.0315908e-10
3.2333077e-08   8.0099335e-10
3.2527855e-08   8.1211995e-10
3.2722632e-08   8.0702802e-10
3.291741e-08   7.963851e-10
3.3112187e-08   8.0129165e-10
3.3306965e-08   7.9991415e-10
3.3501742e-08   7.8675581e-10
3.369652e-08   7.8538664e-10
3.3891298e-08   7.7988757e-10
3.4086075e-08   7.7554945e-10
3.4280853e-08   7.8167235e-10
3.447563e-08   7.771686e-10
3.4670408e-08   7.6698444e-10
3.4865185e-08   7.7074962e-10
3.5059963e-08   7.6760463e-10
3.5254741e-08   7.793176e-10
3.5449518e-08   7.7585157e-10
3.5644296e-08   7.6804776e-10
3.5839073e-08   7.6649693e-10
3.6033851e-08   7.5617961e-10
3.6228628e-08   7.5566377e-10
3.6423406e-08   7.6041337e-10
3.6618184e-08   7.6491422e-10
3.6812961e-08   7.7164028e-10
3.7007739e-08   7.6744083e-10
3.7202516e-08   7.7553742e-10
3.7397294e-08   7.6702781e-10
3.7592071e-08   7.706932e-10
3.7786849e-08   7.7083108e-10
3.7981627e-08   7.6675049e-10
3.8176404e-08   7.6184934e-10
3.8371182e-08   7.5719625e-10
3.8565959e-08   7.511289e-10
3.8760737e-08   7.415633e-10
3.8955514e-08   7.4894649e-10
3.9150292e-08   7.3371451e-10