# Profile 1
# x      y
# [m]    [m]
0   7.511477e-10
1.9511198e-10   7.6144128e-10
3.9022396e-10   7.5657885e-10
5.8533594e-10   7.5921422e-10
7.8044792e-10   7.6797037e-10
9.7555991e-10   7.5858271e-10
1.1706719e-09   7.5136343e-10
1.3657839e-09   7.5268128e-10
1.5608958e-09   7.5950819e-10
1.7560078e-09   7.5450247e-10
1.9511198e-09   7.5287732e-10
2.1462318e-09   7.4935658e-10
2.3413438e-09   7.488733e-10
2.5364558e-09   7.5551805e-10
2.7315677e-09   7.5957032e-10
2.9266797e-09   7.568813e-10
3.1217917e-09   7.5252543e-10
3.3169037e-09   7.4969803e-10
3.5120157e-09   7.4645507e-10
3.7071276e-09   7.4677579e-10
3.9022396e-09   7.512108e-10
4.0973516e-09   7.5424639e-10
4.2924636e-09   7.560124e-10
4.4875756e-09   7.5923658e-10
4.6826875e-09   7.5439739e-10
4.8777995e-09   7.4829539e-10
5.0729115e-09   7.4978626e-10
5.2680235e-09   7.4751925e-10
5.4631355e-09   7.4474498e-10
5.6582474e-09   7.4622054e-10
5.8533594e-09   7.5087399e-10
6.0484714e-09   7.4996353e-10
6.2435834e-09   7.480183e-10
6.4386954e-09   7.5379314e-10
6.6338074e-09   7.5387486e-10
6.8289193e-09   7.5048487e-10
7.0240313e-09   7.4768666e-10
7.2191433e-09   7.4839587e-10
7.4142553e-09   7.5489378e-10
7.6093673e-09   7.5491341e-10
7.8044792e-09   7.5169183e-10
7.9995912e-09   7.4622255e-10
8.1947032e-09   7.5181094e-10
8.3898152e-09   7.4912522e-10
8.5849272e-09   7.4522955e-10
8.7800391e-09   7.4351864e-10
8.9751511e-09   7.3838502e-10
9.1702631e-09   7.4152757e-10
9.3653751e-09   7.4711066e-10
9.5604871e-09   7.4748067e-10
9.7555991e-09   7.3725567e-10
9.950711e-09   7.403116e-10
1.0145823e-08   7.3888008e-10
1.0340935e-08   7.3320986e-10
1.0536047e-08   7.3819535e-10
1.0731159e-08   7.4322164e-10
1.0926271e-08   7.4346674e-10
1.1121383e-08   7.4290354e-10
1.1316495e-08   7.4524007e-10
1.1511607e-08   7.5652789e-10
1.1706719e-08   7.5082173e-10
1.1901831e-08   7.5434613e-10
1.2096943e-08   7.5177755e-10
1.2292055e-08   7.4510284e-10
1.2487167e-08   7.5357512e-10
1.2682279e-08   7.45021e-10
1.2877391e-08   7.440469e-10
1.3072503e-08   7.4782763e-10
1.3267615e-08   7.5773216e-10
1.3462727e-08   7.56373e-10
1.3657839e-08   7.5045843e-10
1.3852951e-08   7.4588052e-10
1.4048063e-08   7.4198724e-10
1.4243175e-08   7.4667165e-10
1.4438287e-08   7.42593e-10
1.4633399e-08   7.4097036e-10
1.4828511e-08   7.4018605e-10
1.5023623e-08   7.4154369e-10
1.5218735e-08   7.4493203e-10
1.5413847e-08   7.5030697e-10
1.5608958e-08   7.5160157e-10
1.580407e-08   7.561874e-10
1.5999182e-08   7.6015157e-10
1.6194294e-08   7.6403107e-10
1.6389406e-08   7.6480983e-10
1.6584518e-08   7.5132352e-10
1.677963e-08   7.5121085e-10
1.6974742e-08   7.5656438e-10
1.7169854e-08   7.5926347e-10
1.7364966e-08   7.5878511e-10
1.7560078e-08   7.4777355e-10
1.775519e-08   7.5294947e-10
1.7950302e-08   7.658277e-10
1.8145414e-08   7.5708398e-10
1.8340526e-08   7.5413333e-10
1.8535638e-08   7.5152022e-10
1.873075e-08   7.564445e-10
1.8925862e-08   7.4941467e-10
1.9120974e-08   7.5135891e-10
1.9316086e-08   7.4748302e-10
1.9511198e-08   7.6401524e-10
1.970631e-08   7.6463994e-10
1.9901422e-08   7.6259487e-10
2.0096534e-08   7.5568155e-10
2.0291646e-08   7.5272415e-10
2.0486758e-08   7.5482421e-10
2.068187e-08   7.6383715e-10
2.0876982e-08   7.6415356e-10
2.1072094e-08   7.5606768e-10
2.1267206e-08   7.5004129e-10
2.1462318e-08   7.4188343e-10
2.165743e-08   7.3792447e-10
2.1852542e-08   7.3957448e-10
2.2047654e-08   7.3025881e-10
2.2242766e-08   7.3811079e-10
2.2437878e-08   7.3764354e-10
2.263299e-08   7.4465115e-10
2.2828102e-08   7.4165318e-10
2.3023214e-08   7.3800989e-10
2.3218326e-08   7.3947553e-10
2.3413438e-08   7.3808754e-10
2.360855e-08   7.4241489e-10
2.3803662e-08   7.4370413e-10
2.3998774e-08   7.456343e-10
2.4193886e-08   7.5587345e-10
2.4388998e-08   7.5364125e-10
2.458411e-08   7.4525438e-10
2.4779222e-08   7.4399636e-10
2.4974334e-08   7.5272536e-10
2.5169446e-08   7.525165e-10
2.5364558e-08   7.5480222e-10
2.555967e-08   7.4995672e-10
2.5754781e-08   7.4767721e-10
2.5949893e-08   7.5273636e-10
2.6145005e-08   7.4865482e-10
2.6340117e-08   7.4933322e-10
2.6535229e-08   7.5604482e-10
2.6730341e-08   7.6365242e-10
2.6925453e-08   7.5343183e-10
2.7120565e-08   7.4520117e-10
2.7315677e-08   7.4774272e-10
2.7510789e-08   7.4023586e-10
2.7705901e-08   7.4748003e-10
2.7901013e-08   7.5341704e-10
2.8096125e-08   7.6303659e-10
2.8291237e-08   7.511641e-10
2.8486349e-08   7.4448841e-10
2.8681461e-08   7.5230596e-10
2.8876573e-08   7.5495409e-10
2.9071685e-08   7.557067e-10
2.9266797e-08   7.512672e-10
2.9461909e-08   7.5988952e-10
2.9657021e-08   7.6101784e-10
2.9852133e-08   7.5386854e-10
3.0047245e-08   7.5319125e-10
3.0242357e-08   7.4992172e-10
3.0437469e-08   7.4348108e-10
3.0632581e-08   7.4055758e-10
3.0827693e-08   7.5152528e-10
3.1022805e-08   7.5247903e-10
3.1217917e-08   7.4830342e-10
3.1413029e-08   7.4039701e-10
3.1608141e-08   7.4544076e-10
3.1803253e-08   7.5015544e-10
3.1998365e-08   7.4983463e-10
3.2193477e-08   7.4804973e-10
3.2388589e-08   7.4522155e-10
3.2583701e-08   7.4640771e-10
3.2778813e-08   7.3967369e-10
3.2973925e-08   7.3665311e-10
3.3169037e-08   7.3422239e-10
3.3364149e-08   7.3959657e-10
3.3559261e-08   7.395327e-10
3.3754373e-08   7.3077793e-10
3.3949485e-08   7.2878122e-10
3.4144597e-08   7.2656442e-10
3.4339709e-08   7.2486577e-10
3.4534821e-08   7.2612519e-10
3.4729933e-08   7.2261355e-10
3.4925045e-08   7.2798892e-10
3.5120157e-08   7.2869615e-10
3.5315269e-08   7.2100598e-10
3.5510381e-08   7.1640525e-10
3.5705493e-08   7.2413578e-10
3.5900605e-08   7.0650123e-10
3.6095716e-08   7.0964115e-10
3.6290828e-08   7.053577e-10

