# Profile 2
# x      y
# [m]    [m]
0   7.1285317e-10
1.9495215e-10   7.1154282e-10
3.899043e-10   7.1962693e-10
5.8485646e-10   7.2727613e-10
7.7980861e-10   7.2004178e-10
9.7476076e-10   7.1294949e-10
1.1697129e-09   7.1105102e-10
1.3646651e-09   7.012536e-10
1.5596172e-09   6.9306791e-10
1.7545694e-09   7.1584102e-10
1.9495215e-09   7.2075026e-10
2.1444737e-09   7.0824129e-10
2.3394258e-09   7.0385953e-10
2.534378e-09   7.1100914e-10
2.7293301e-09   6.9863625e-10
2.9242823e-09   7.0556742e-10
3.1192344e-09   7.0278562e-10
3.3141866e-09   6.9694258e-10
3.5091387e-09   6.9761769e-10
3.7040909e-09   7.2080789e-10
3.899043e-09   7.1331973e-10
4.0939952e-09   7.0519583e-10
4.2889473e-09   7.0373071e-10
4.4838995e-09   6.9022057e-10
4.6788517e-09   6.8318928e-10
4.8738038e-09   6.9121677e-10
5.068756e-09   6.8690842e-10
5.2637081e-09   6.7975428e-10
5.4586603e-09   6.9320498e-10
5.6536124e-09   6.9375978e-10
5.8485646e-09   6.9110258e-10
6.0435167e-09   6.8041068e-10
6.2384689e-09   6.8278472e-10
6.433421e-09   6.8191535e-10
6.6283732e-09   6.8472855e-10
6.8233253e-09   6.8959575e-10
7.0182775e-09   6.8478884e-10
7.2132296e-09   6.8682664e-10
7.4081818e-09   6.8261189e-10
7.6031339e-09   6.8840408e-10
7.7980861e-09   6.8573969e-10
7.9930382e-09   6.7283569e-10
8.1879904e-09   6.6968216e-10
8.3829425e-09   6.7097322e-10
8.5778947e-09   6.7185433e-10
8.7728469e-09   6.7076401e-10
8.967799e-09   6.8163462e-10
9.1627512e-09   6.9612883e-10
9.3577033e-09   6.8641998e-10
9.5526555e-09   6.8912731e-10
9.7476076e-09   6.8372015e-10
9.9425598e-09   6.7501883e-10
1.0137512e-08   6.9142692e-10
1.0332464e-08   6.8797512e-10
1.0527416e-08   6.910366e-10
1.0722368e-08   7.0313679e-10
1.0917321e-08   7.0755479e-10
1.1112273e-08   7.1687581e-10
1.1307225e-08   7.3098017e-10
1.1502177e-08   7.2087147e-10
1.1697129e-08   7.1019093e-10
1.1892081e-08   7.0460047e-10
1.2087033e-08   6.8754116e-10
1.2281986e-08   6.6196999e-10
1.2476938e-08   6.6780303e-10
1.267189e-08   6.6398572e-10
1.2866842e-08   6.652332e-10
1.3061794e-08   6.6090666e-10
1.3256746e-08   6.5944095e-10
1.3451699e-08   6.6331192e-10
1.3646651e-08   6.595629e-10
1.3841603e-08   6.5530832e-10
1.4036555e-08   6.5622415e-10
1.4231507e-08   6.5212967e-10
1.4426459e-08   6.5618691e-10
1.4621411e-08   6.5611355e-10
1.4816364e-08   6.5171347e-10
1.5011316e-08   6.5299072e-10
1.5206268e-08   6.530182e-10
1.540122e-08   6.5152032e-10
1.5596172e-08   6.5109932e-10
1.5791124e-08   6.6062238e-10
1.5986076e-08   6.6215219e-10
1.6181029e-08   6.5711275e-10
1.6375981e-08   6.5628509e-10
1.6570933e-08   6.6039142e-10
1.6765885e-08   6.6216975e-10
1.6960837e-08   6.5559337e-10
1.7155789e-08   6.597658e-10
1.7350742e-08   6.5287369e-10
1.7545694e-08   6.4754413e-10
1.7740646e-08   6.4392275e-10
1.7935598e-08   6.4564029e-10
1.813055e-08   6.4584979e-10
1.8325502e-08   6.463639e-10
1.8520454e-08   6.4583116e-10
1.8715407e-08   6.468414e-10
1.8910359e-08   6.4271479e-10
1.9105311e-08   6.4416542e-10
1.9300263e-08   6.3612274e-10
1.9495215e-08   6.5045149e-10
1.9690167e-08   6.5980719e-10
1.988512e-08   6.6502175e-10
2.0080072e-08   6.9833355e-10
2.0275024e-08   7.0861133e-10
2.0469976e-08   7.261338e-10
2.0664928e-08   7.4144418e-10
2.085988e-08   7.6359089e-10
2.1054832e-08   7.70431e-10
2.1249785e-08   7.8253707e-10
2.1444737e-08   7.9703807e-10
2.1639689e-08   8.012173e-10
2.1834641e-08   8.0037418e-10
2.2029593e-08   8.036661e-10
2.2224545e-08   8.147215e-10
2.2419498e-08   8.050455e-10
2.261445e-08   8.0813106e-10
2.2809402e-08   8.1700444e-10
2.3004354e-08   8.2623208e-10
2.3199306e-08   8.1469359e-10
2.3394258e-08   8.2608756e-10
2.358921e-08   8.429042e-10
2.3784163e-08   8.3962206e-10
2.3979115e-08   8.3170825e-10
2.4174067e-08   8.3535972e-10
2.4369019e-08   8.3147914e-10
2.4563971e-08   8.4443625e-10
2.4758923e-08   8.2154148e-10
2.4953875e-08   8.2522538e-10
2.5148828e-08   8.2739879e-10
2.534378e-08   8.3133885e-10
2.5538732e-08   8.3411959e-10
2.5733684e-08   8.4243624e-10
2.5928636e-08   8.4060797e-10
2.6123588e-08   8.2887392e-10
2.6318541e-08   8.2473304e-10
2.6513493e-08   8.2178643e-10
2.6708445e-08   8.2531504e-10
2.6903397e-08   8.1906641e-10
2.7098349e-08   8.0996285e-10
2.7293301e-08   8.085514e-10
2.7488253e-08   8.0655045e-10
2.7683206e-08   8.0428347e-10
2.7878158e-08   7.946199e-10
2.807311e-08   8.0043179e-10
2.8268062e-08   8.0577759e-10
2.8463014e-08   8.1001006e-10
2.8657966e-08   7.9050175e-10
2.8852919e-08   7.9443875e-10
2.9047871e-08   7.9537139e-10
2.9242823e-08   7.9173079e-10
2.9437775e-08   7.7766569e-10
2.9632727e-08   7.7338517e-10
2.9827679e-08   7.8217804e-10
3.0022631e-08   7.8806539e-10
3.0217584e-08   7.7933848e-10
3.0412536e-08   7.8162414e-10
3.0607488e-08   7.8198193e-10
3.080244e-08   7.8685486e-10
3.0997392e-08   7.8429075e-10
3.1192344e-08   7.8471329e-10
3.1387297e-08   7.789101e-10
3.1582249e-08   7.8203592e-10
3.1777201e-08   7.7878047e-10
3.1972153e-08   7.7992053e-10
3.2167105e-08   7.6780586e-10
3.2362057e-08   7.7235192e-10
3.2557009e-08   7.6168906e-10
3.2751962e-08   7.6139913e-10
3.2946914e-08   7.4470336e-10
3.3141866e-08   7.396625e-10
3.3336818e-08   7.1901177e-10
3.353177e-08   7.1587572e-10
3.3726722e-08   7.0816039e-10
3.3921674e-08   6.9168716e-10
3.4116627e-08   6.6517249e-10
3.4311579e-08   6.4568676e-10
3.4506531e-08   6.1972853e-10
3.4701483e-08   5.99827e-10
3.4896435e-08   5.9152565e-10
3.5091387e-08   5.806517e-10
3.528634e-08   5.7443955e-10
3.5481292e-08   5.8093307e-10
3.5676244e-08   5.754435e-10
3.5871196e-08   5.7762083e-10
3.6066148e-08   5.7962489e-10
3.62611e-08   5.6919335e-10
3.6456052e-08   5.6734406e-10
3.6651005e-08   5.7277649e-10
3.6845957e-08   5.8249991e-10
3.7040909e-08   5.8482047e-10
3.7235861e-08   5.8377556e-10
3.7430813e-08   5.9073062e-10
3.7625765e-08   5.8523446e-10
3.7820718e-08   5.9432143e-10
3.801567e-08   6.0540214e-10
3.8210622e-08   5.9622826e-10
3.8405574e-08   5.9182529e-10
3.8600526e-08   6.0488295e-10
3.8795478e-08   5.9594801e-10
3.899043e-08   5.9197698e-10
3.9185383e-08   5.8997039e-10
3.9380335e-08   6.0221055e-10
3.9575287e-08   5.94466e-10
3.9770239e-08   5.901922e-10
3.9965191e-08   5.8140027e-10
4.0160143e-08   5.813202e-10
4.0355096e-08   5.7495222e-10
4.0550048e-08   5.8196689e-10
4.0745e-08   5.7932528e-10
4.0939952e-08   5.855466e-10
4.1134904e-08   5.9128316e-10
4.1329856e-08   5.9533826e-10
4.1524808e-08   5.9910625e-10
4.1719761e-08   6.1567603e-10
4.1914713e-08   6.0405299e-10
4.2109665e-08   6.0488633e-10